self.Q = np.array([     [0.001, 0, 0, 0],
                                [0, 0.001, 0, 0],
                                [0, 0, 0.001, 0],
                                [0, 0, 0, 0.001]])

        # Q ----Process Noise

        self.R = np.array([     [2, 0],
                                [0, 2]])
        
        self.R_fuse = np.array([    [1, 0, 0, 0],
                                    [0, 1, 0, 0],
                                    [0, 0, 1, 0],
                                    [0, 0, 0, 1]])

